00028
00117
00124
00133
00138
00198
00207
00208
00210
00229
00241
00251
00252
00258
00295
00317
00322
00325
00326
00358
00383
00463
00500
00521
00549
00578
00595
00597
00613
00666
00696
00718
00740
00748
00756
00757
00779
00791
00801
00804
00806
00808
00825
00827
00828
00842
00850
00853
00861
00890
00891
00894
00927
00930
00934
00976
00980
00981
00986
00998
01001
01022
01025
01029
01030
01038
01039
01052
01060
01066
01085
01088
01089
01090
01099
01104
01109
01122
01126
01128
01134
01151
01158
01173
01206
01221
01224
01225
01232
01233
01243
01266
01267
01269
01282
01283
01295
01350
01352
01366
01367
01383
01384
01390
01392
01432
01443
01474
01508
01524
01544
01556
01582
01618
01627
01661
01717
01726
01727
01809
01819
01843
01859
01862
01876
01896
01901
01905
01939
02002
02027
02033
02048
02087
02117
02118
02119
02165
02174
02193
02198
02204
02223
02243
02267
02272
02298
02342
02349
02353
02368
02370
02414
02417
02436
02456
02522
02526
02533
02542
02551
02613
02622
02700
02739
02761
02840
02857
02878
02879
02883
02902
02961
02967
02976
02984
03007
03027
03059
03060
03212
03224
03239
03266
03277
03380
03389
03413
03442
03474
00010
00509
00546
00619
00653
00741
00796
00876
00880
00921
00932
01091
01152
01183
01200
01702
01805
01941
02032
02155
02190
02194
02364
02413
02450
02480
02734
02805
03117
